{
    "info": {
        "category": "Add New Category", 
        "character": "Witch", 
        "machine": "DESKTOP-0HL1JLQ", 
        "mayaVersion": "2020", 
        "project": "WitchsGarden", 
        "user": "Eleanore", 
        "windowsVersion": "Windows-10-10.0.19041-SP0"
    }, 
    "pose": {
        "Wand_anim": {
            "rotateX": -57.74140149968831, 
            "rotateY": 50.39177432132107, 
            "rotateZ": -151.39779610889977, 
            "scaleX": 1.0, 
            "scaleY": 1.0, 
            "scaleZ": 1.0, 
            "translateX": 21.49531268441959, 
            "translateY": -0.7330006403614284, 
            "translateZ": -14.677237651988413
        }, 
        "fk_wrist_r_anim": {
            "rotateX": -7.5486245719903025, 
            "rotateY": 0.3890835620462482, 
            "rotateZ": -1.3564049229700508, 
            "translateX": 0.0, 
            "translateY": 0.0, 
            "translateZ": 0.0
        }, 
        "index_finger_fk_ctrl_1_r": {
            "rotateX": 0.0, 
            "rotateY": 0.0, 
            "rotateZ": 66.07149232728733, 
            "sticky": 0.0, 
            "translateX": 0.0, 
            "translateY": 0.0, 
            "translateZ": 0.0
        }, 
        "middle_finger_fk_ctrl_1_r": {
            "rotateX": 0.0, 
            "rotateY": 0.0, 
            "rotateZ": 71.60456396554075, 
            "sticky": 0.0, 
            "translateX": 0.0, 
            "translateY": 0.0, 
            "translateZ": 0.0
        }, 
        "pinky_finger_fk_ctrl_1_r": {
            "rotateX": 0.0, 
            "rotateY": 0.0, 
            "rotateZ": 75.03641042388624, 
            "sticky": 0.0, 
            "translateX": 0.0, 
            "translateY": 0.0, 
            "translateZ": 0.0
        }, 
        "ring_finger_fk_ctrl_1_r": {
            "rotateX": 0.0, 
            "rotateY": 0.0, 
            "rotateZ": 85.18557081068785, 
            "sticky": 0.0, 
            "translateX": 0.0, 
            "translateY": 0.0, 
            "translateZ": 0.0
        }, 
        "thumb_finger_fk_ctrl_1_r": {
            "rotateX": 45.610773340182504, 
            "rotateY": -1.6946242813296122, 
            "rotateZ": 16.515943999253423, 
            "sticky": 0.0, 
            "translateX": 0.0, 
            "translateY": 0.0, 
            "translateZ": 0.0
        }
    }, 
    "pose_ws": {
        "Wand_anim": [
            -0.5597327875337705, 
            -0.30520415359095776, 
            -0.7704217229482191, 
            0.0, 
            0.8275143395334164, 
            -0.1567137366295568, 
            -0.5391296899802273, 
            0.0, 
            0.043808953722374255, 
            -0.939303587442542, 
            0.34027863023017146, 
            0.0, 
            -25.089298524920647, 
            -21.32814468416189, 
            62.410474628705764, 
            1.0
        ], 
        "fk_wrist_r_anim": [
            0.21660558734213298, 
            0.6630634251441353, 
            0.7165395409663707, 
            0.0, 
            -0.9607723901135785, 
            0.014567682728693798, 
            0.27695522565093117, 
            0.0, 
            0.1732005598363113, 
            -0.7484214567047393, 
            0.6402084732462892, 
            0.0, 
            -24.034778740510742, 
            -14.088357718340909, 
            67.40407029437397, 
            1.0
        ], 
        "index_finger_fk_ctrl_1_r": [
            -0.9260228373301933, 
            0.008459638185340903, 
            0.37737267954200326, 
            0.0, 
            -0.2956550108224984, 
            -0.6377941787714927, 
            -0.711200885897048, 
            0.0, 
            0.23466959606750662, 
            -0.7701603859242377, 
            0.5931131094778994, 
            0.0, 
            -27.960943565077578, 
            -24.08628718816571, 
            61.30305465747617, 
            1.0
        ], 
        "middle_finger_fk_ctrl_1_r": [
            -0.9446875967940203, 
            0.030037665881376345, 
            0.32659314611904783, 
            0.0, 
            -0.26235187541168387, 
            -0.6667905726333687, 
            -0.6975398380847052, 
            0.0, 
            0.19681676232351558, 
            -0.7446395576892643, 
            0.6377892216028942, 
            0.0, 
            -28.56718601277847, 
            -22.455641371722802, 
            59.329105790671896, 
            1.0
        ], 
        "pinky_finger_fk_ctrl_1_r": [
            -0.9761037321868553, 
            -0.15084987372020342, 
            -0.1564155350644251, 
            0.0, 
            0.21484926844492583, 
            -0.562029421656304, 
            -0.79872568572781, 
            0.0, 
            0.03257753611880285, 
            -0.8132448861144341, 
            0.5810090010913335, 
            0.0, 
            -27.162238916242025, 
            -17.93480621372349, 
            57.606211054527364, 
            1.0
        ], 
        "ring_finger_fk_ctrl_1_r": [
            -0.9953219126115298, 
            -0.054833700014501004, 
            0.07954593401328675, 
            0.0, 
            -0.037727979827848326, 
            -0.5373715148216724, 
            -0.8425013083647828, 
            0.0, 
            0.08894318306332377, 
            -0.8415611210131924, 
            0.5327888791872284, 
            0.0, 
            -27.893180917976544, 
            -20.098403846034195, 
            58.0859933659651, 
            1.0
        ], 
        "thumb_finger_fk_ctrl_1_r": [
            -0.2245511535085456, 
            0.8418026057905714, 
            0.4908616427693093, 
            0.0, 
            0.5500414089376818, 
            -0.30631270732921334, 
            0.776934343289378, 
            0.0, 
            0.8043825134299173, 
            0.4444557325683302, 
            -0.39424341957135756, 
            0.0, 
            -25.423314975953904, 
            -18.600224497331475, 
            66.53617919134619, 
            1.0
        ]
    }
}